0 142.404 147.535 137.45 147.535 137.45
0.2 137.626 142.79 132.649 142.382 133.029
0.4 133.009 138.197 128.015 137.408 128.75
0.6 128.546 133.752 123.544 132.608 124.609
0.8 124.234 129.45 119.228 127.976 120.601
1 120.066 125.286 115.063 123.506 116.722
1.2 116.038 121.256 111.044 119.191 112.968
1.4 112.145 117.356 107.165 115.028 109.334
1.6 108.382 113.581 103.422 111.01 105.817
1.8 104.746 109.928 99.8089 107.132 102.414
2 101.232 106.392 96.3225 103.39 99.1197
2.2 97.8359 102.97 92.9578 99.7782 95.9315
2.4 94.5536 99.6581 89.7106 96.2928 92.8459
2.6 91.3814 96.4526 86.5769 92.9291 89.8595
2.8 88.3157 93.3502 83.5527 89.683 86.9692
3 85.3528 90.3476 80.634 86.5502 84.1719
3.2 82.4892 87.4416 77.8174 83.5269 81.4645
3.4 79.7218 84.629 75.0991 80.6092 78.8442
3.6 77.0472 81.907 72.4758 77.7934 76.3082
3.8 74.4623 79.2724 69.9441 75.0759 73.8537
4 71.9642 76.7227 67.5009 72.4534 71.4783
4.2 69.5499 74.2549 65.143 69.9225 69.1792
4.4 67.2165 71.8665 62.8674 67.48 66.954
4.6 64.9615 69.5549 60.6714 65.1229 64.8005
4.8 62.7821 67.3177 58.552 62.848 62.7162
5 60.6758 65.1524 56.5067 60.6527 60.6989
5.2 58.6402 63.0568 54.5329 58.534 58.7465
5.4 56.6728 61.0286 52.6279 56.4893 56.857
5.6 54.7715 59.0656 50.7896 54.516 55.0282
5.8 52.934 57.1658 49.0154 52.6117 53.2582
6 51.1581 55.3271 47.3032 50.7739 51.5452
6.2 49.4418 53.5475 45.6509 49.0003 49.8872
6.4 47.783 51.8251 44.0562 47.2887 48.2826
6.6 46.18 50.1582 42.5173 45.6368 46.7296
6.8 44.6307 48.5449 41.0321 44.0426 45.2266
7 43.1334 46.9834 39.5988 42.5042 43.7719
7.2 41.6863 45.4722 38.2155 41.0194 42.3639
7.4 40.2877 44.0096 36.8806 39.5866 41.0013
7.6 38.9361 42.594 35.5923 38.2038 39.6825
7.8 37.6298 41.224 34.349 36.8692 38.4061
8 36.3674 39.898 33.1492 35.5813 37.1708
8.2 35.1473 38.6147 31.9912 34.3384 35.9752
8.4 33.9681 37.3727 30.8737 33.1389 34.8181
8.6 32.8285 36.1706 29.7953 31.9814 33.6982
8.8 31.7272 35.0072 28.7545 30.8642 32.6143
9 30.6627 33.8812 27.75 29.7861 31.5652
9.2 29.634 32.7914 26.7807 28.7456 30.5499
9.4 28.6398 31.7367 25.8452 27.7415 29.5673
9.6 27.679 30.7159 24.9424 26.7724 28.6163
9.8 26.7504 29.7279 24.0711 25.8372 27.6958
10 25.8529 28.7717 23.2303 24.9347 26.805
10.2 24.9856 27.8463 22.4188 24.0637 25.9428
10.4 24.1474 26.9506 21.6357 23.2231 25.1084
10.6 23.3372 26.0837 20.8799 22.4119 24.3008
10.8 22.5543 25.2448 20.1506 21.629 23.5191
11 21.7976 24.4328 19.4467 20.8735 22.7627
11.2 21.0663 23.6469 18.7674 20.1443 22.0305
11.4 20.3596 22.8863 18.1118 19.4407 21.3219
11.6 19.6765 22.1502 17.4791 18.7616 20.6361
11.8 19.0164 21.4377 16.8686 18.1062 19.9723
12 18.3784 20.7482 16.2793 17.4737 19.3299
12.2 17.7618 20.0808 15.7106 16.8633 18.7082
12.4 17.1659 19.4349 15.1619 16.2743 18.1064
12.6 16.59 18.8098 14.6322 15.7058 17.524
12.8 16.0334 18.2048 14.1211 15.1572 16.9604
13 15.4955 17.6192 13.6278 14.6277 16.4148
13.2 14.9757 17.0525 13.1518 14.1167 15.8869
13.4 14.4733 16.504 12.6924 13.6236 15.3759
13.6 13.9877 15.9732 12.249 13.1477 14.8813
13.8 13.5184 15.4594 11.8211 12.6885 14.4027
14 13.0649 14.9621 11.4082 12.2452 13.9394
14.2 12.6266 14.4809 11.0097 11.8175 13.491
14.4 12.203 14.0151 10.6251 11.4047 13.0571
14.6 11.7936 13.5643 10.254 11.0063 12.6371
14.8 11.3979 13.128 9.89579 10.6218 12.2306
15 11.0155 12.7058 9.55011 10.2508 11.8373
15.2 10.6459 12.2971 9.21651 9.89273 11.4565
15.4 10.2888 11.9015 8.89457 9.54717 11.088
15.6 9.94361 11.5187 8.58387 9.21367 10.7314
15.8 9.61001 11.1482 8.28402 8.89182 10.3862
16 9.2876 10.7897 7.99465 8.58122 10.0521
