0.05 0.0950663 0.0397224 -0.0482599
0.1 0.180863 0.0754949 -0.0916717
0.15 0.258069 0.107535 -0.130458
0.2 0.327318 0.136052 -0.164836
0.25 0.389201 0.161244 -0.195018
0.3 0.444272 0.183302 -0.22121
0.35 0.493049 0.202408 -0.243615
0.4 0.536015 0.218737 -0.262428
0.45 0.573619 0.232455 -0.27784
0.5 0.606283 0.243721 -0.290039
0.55 0.634399 0.252688 -0.299204
0.6 0.658332 0.259499 -0.305513
0.65 0.678425 0.264295 -0.309136
0.7 0.694993 0.267207 -0.31024
0.75 0.708334 0.268361 -0.308986
0.8 0.718722 0.267877 -0.305531
0.85 0.726414 0.265869 -0.300027
0.9 0.731648 0.262448 -0.29262
0.95 0.734645 0.257717 -0.283455
1 0.735611 0.251775 -0.272667
1.05 0.734737 0.244715 -0.260392
1.1 0.7322 0.236629 -0.246758
1.15 0.728164 0.2276 -0.23189
1.2 0.722781 0.21771 -0.215907
1.25 0.716193 0.207036 -0.198926
1.3 0.708529 0.19565 -0.181058
1.35 0.69991 0.183622 -0.162411
1.4 0.690448 0.171018 -0.143089
1.45 0.680244 0.157899 -0.12319
1.5 0.669395 0.144325 -0.10281
1.55 0.657987 0.130351 -0.0820401
1.6 0.6461 0.116031 -0.0609682
1.65 0.633808 0.101413 -0.0396779
1.7 0.62118 0.0865444 -0.0182492
1.75 0.608276 0.0714705 0.00324151
1.8 0.595154 0.0562328 0.0247215
1.85 0.581866 0.0408705 0.0461214
1.9 0.568459 0.0254208 0.0673757
1.95 0.554976 0.00991859 0.0884218
2 0.541457 -0.00560349 0.109201
2.05 0.527937 -0.0211147 0.129657
2.1 0.514448 -0.0365863 0.149738
2.15 0.50102 -0.0519915 0.169393
2.2 0.487678 -0.0673051 0.188577
2.25 0.474447 -0.0825036 0.207247
2.3 0.461346 -0.0975653 0.225361
2.35 0.448395 -0.11247 0.242882
2.4 0.435611 -0.127199 0.259776
2.45 0.423007 -0.141734 0.27601
2.5 0.410597 -0.15606 0.291554
2.55 0.398391 -0.170162 0.306381
2.6 0.3864 -0.184027 0.320468
2.65 0.374631 -0.197641 0.333793
2.7 0.363091 -0.210994 0.346334
2.75 0.351786 -0.224075 0.358077
2.8 0.340721 -0.236875 0.369004
2.85 0.329898 -0.249385 0.379104
2.9 0.31932 -0.261599 0.388365
2.95 0.30899 -0.273509 0.39678
3 0.298908 -0.28511 0.40434
3.05 0.289075 -0.296396 0.411042
3.1 0.27949 -0.307364 0.416882
3.15 0.270152 -0.318009 0.421859
3.2 0.261061 -0.328329 0.425974
3.25 0.252214 -0.338321 0.429228
3.3 0.243609 -0.347983 0.431626
3.35 0.235244 -0.357314 0.433173
3.4 0.227115 -0.366314 0.433875
3.45 0.21922 -0.374981 0.433741
3.5 0.211555 -0.383316 0.43278
3.55 0.204116 -0.39132 0.431002
3.6 0.196899 -0.398993 0.428421
3.65 0.189901 -0.406337 0.425049
3.7 0.183118 -0.413354 0.4209
3.75 0.176544 -0.420045 0.415991
3.8 0.170176 -0.426413 0.410336
3.85 0.16401 -0.43246 0.403954
3.9 0.15804 -0.43819 0.396863
3.95 0.152262 -0.443605 0.389081
4 0.146672 -0.448708 0.380629
4.05 0.141265 -0.453504 0.371528
4.1 0.136037 -0.457995 0.361797
4.15 0.130983 -0.462187 0.351461
4.2 0.126098 -0.466082 0.34054
4.25 0.121378 -0.469685 0.329058
4.3 0.116818 -0.473 0.317039
4.35 0.112415 -0.476032 0.304506
4.4 0.108163 -0.478785 0.291484
4.45 0.104058 -0.481264 0.277997
4.5 0.100097 -0.483474 0.264071
4.55 0.0962744 -0.485419 0.249731
4.6 0.0925865 -0.487105 0.235002
4.65 0.0890294 -0.488536 0.21991
4.7 0.0855989 -0.489716 0.204482
4.75 0.0822913 -0.490653 0.188742
4.8 0.0791026 -0.491349 0.172718
4.85 0.0760292 -0.49181 0.156435
4.9 0.0730673 -0.492042 0.139918
4.95 0.0702135 -0.49205 0.123196
5 0.0674641 -0.491837 0.106292
5.05 0.0648158 -0.491411 0.0892335
5.1 0.0622653 -0.490774 0.0720459
5.15 0.0598093 -0.489934 0.0547547
5.2 0.0574447 -0.488894 0.0373853
5.25 0.0551684 -0.487659 0.0199629
5.3 0.0529773 -0.486235 0.00251239
5.35 0.0508687 -0.484627 -0.0149417
5.4 0.0488396 -0.482839 -0.0323749
5.45 0.0468872 -0.480876 -0.0497634
5.5 0.0450091 -0.478743 -0.0670835
5.55 0.0432024 -0.476445 -0.0843119
5.6 0.0414648 -0.473987 -0.101426
5.65 0.0397937 -0.471372 -0.118403
5.7 0.0381869 -0.468606 -0.135221
5.75 0.0366419 -0.465693 -0.151859
5.8 0.0351567 -0.462638 -0.168295
5.85 0.033729 -0.459445 -0.184509
5.9 0.0323567 -0.456119 -0.200481
5.95 0.0310378 -0.452663 -0.216192
6 0.0297704 -0.449082 -0.231622
6.05 0.0285526 -0.44538 -0.246754
6.1 0.0273825 -0.441561 -0.261568
6.15 0.0262584 -0.437629 -0.276049
6.2 0.0251785 -0.433588 -0.290179
6.25 0.0241413 -0.429442 -0.303942
6.3 0.023145 -0.425194 -0.317323
6.35 0.0221882 -0.420849 -0.330308
6.4 0.0212694 -0.41641 -0.342881
6.45 0.0203871 -0.41188 -0.35503
6.5 0.0195399 -0.407263 -0.366741
6.55 0.0187265 -0.402563 -0.378003
6.6 0.0179456 -0.397782 -0.388803
6.65 0.0171959 -0.392924 -0.399131
6.7 0.0164763 -0.387993 -0.408976
6.75 0.0157855 -0.38299 -0.418329
6.8 0.0151225 -0.37792 -0.427182
6.85 0.0144862 -0.372785 -0.435524
6.9 0.0138755 -0.367589 -0.44335
6.95 0.0132893 -0.362333 -0.450652
7 0.0127269 -0.357021 -0.457424
7.05 0.0121871 -0.351655 -0.46366
7.1 0.0116691 -0.346238 -0.469355
7.15 0.0111721 -0.340772 -0.474505
7.2 0.0106952 -0.33526 -0.479106
7.25 0.0102376 -0.329705 -0.483156
7.3 0.00979845 -0.324108 -0.486652
7.35 0.0093771 -0.318472 -0.489592
7.4 0.00897281 -0.312799 -0.491975
7.45 0.00858487 -0.30709 -0.4938
7.5 0.00821261 -0.301349 -0.495069
7.55 0.0078554 -0.295577 -0.495781
7.6 0.00751262 -0.289776 -0.495939
7.65 0.00718366 -0.283948 -0.495543
7.7 0.00686796 -0.278094 -0.494597
7.75 0.00656495 -0.272216 -0.493104
7.8 0.00627411 -0.266316 -0.491067
7.85 0.00599493 -0.260396 -0.488491
7.9 0.0057269 -0.254457 -0.485381
7.95 0.00546956 -0.2485 -0.481742
8 0.00522244 -0.242527 -0.477579
8.05 0.00498511 -0.236539 -0.472899
8.1 0.00475714 -0.230538 -0.46771
8.15 0.00453811 -0.224524 -0.462018
8.2 0.00432764 -0.218499 -0.455832
8.25 0.00412534 -0.212464 -0.449159
8.3 0.00393085 -0.20642 -0.442009
8.35 0.00374381 -0.200369 -0.434391
8.4 0.00356389 -0.19431 -0.426313
8.45 0.00339074 -0.188245 -0.417788
8.5 0.00322406 -0.182175 -0.408824
8.55 0.00306354 -0.176101 -0.399432
8.6 0.00290889 -0.170022 -0.389625
8.65 0.00275981 -0.163941 -0.379413
8.7 0.00261603 -0.157858 -0.368808
8.75 0.00247728 -0.151773 -0.357823
8.8 0.0023433 -0.145686 -0.346469
8.85 0.00221385 -0.139599 -0.334761
8.9 0.00208868 -0.133512 -0.32271
8.95 0.00196756 -0.127425 -0.310331
9 0.00185025 -0.121339 -0.297636
9.05 0.00173653 -0.115254 -0.28464
9.1 0.0016262 -0.10917 -0.271356
9.15 0.00151903 -0.103088 -0.2578
9.2 0.00141483 -0.0970077 -0.243984
9.25 0.0013134 -0.0909293 -0.229925
9.3 0.00121453 -0.084853 -0.215636
9.35 0.00111805 -0.0787789 -0.201133
9.4 0.00102376 -0.0727071 -0.18643
9.45 0.000931491 -0.0666376 -0.171543
9.5 0.000841052 -0.0605704 -0.156486
9.55 0.000752272 -0.0545055 -0.141276
9.6 0.000664978 -0.0484429 -0.125927
9.65 0.000578999 -0.0423823 -0.110455
9.7 0.000494166 -0.0363236 -0.0948755
9.75 0.000410312 -0.0302667 -0.0792036
9.8 0.000327274 -0.0242113 -0.0634548
9.85 0.000244887 -0.0181573 -0.0476447
9.9 0.000162987 -0.0121043 -0.0317886
9.95 8.14123e-05 -0.00605195 -0.0159019
