Original Matrix A
      0.84      0.394      0.783      0.798      0.912 
     0.394      0.198      0.335      0.768      0.278 
     0.783      0.335      0.554      0.477      0.629 
     0.798      0.768      0.477      0.365      0.513 
     0.912      0.278      0.629      0.513      0.952 
Autovectors V
    -0.285      0.756      0.169    -0.0873      0.557 
    -0.624     -0.328     -0.217      0.611      0.287 
     0.072     -0.465       0.77    -0.0994      0.419 
     0.724      0.066      -0.19      0.511      0.418 
    0.0107     -0.316     -0.544      -0.59      0.506 
Autovalues w    -0.557     -0.124     0.0692      0.461       3.06 

Check V^T * A * V (Must be diagonal = w)
    -0.557  -2.17e-19   1.68e-12    4.4e-15   4.94e-17 
 -1.06e-16     -0.124   2.08e-15    5.2e-17  -3.47e-16 
  1.68e-12   2.06e-15     0.0692   1.39e-17  -5.34e-11 
  4.41e-15   1.39e-17          0      0.461   2.18e-11 
   5.9e-17  -2.78e-16  -5.34e-11   2.18e-11       3.06 
Check V * D * V^T (Must be = A_orig)
      0.84      0.394      0.783      0.798      0.912 
     0.394      0.198      0.335      0.768      0.278 
     0.783      0.335      0.554      0.477      0.629 
     0.798      0.768      0.477      0.365      0.513 
     0.912      0.278      0.629      0.513      0.952 
Check V^T * V (Must be = Identity)
         1  -2.52e-17   4.25e-17   1.04e-16   5.72e-17 
 -2.52e-17          1  -2.78e-17   8.33e-17  -8.33e-17 
  4.25e-17  -2.78e-17          1  -5.55e-17          0 
  1.04e-16   8.33e-17  -5.55e-17          1   5.55e-17 
  5.72e-17  -8.33e-17          0   5.55e-17          1 
