0 1 0 1 0 1 0
0.05 0.977015 0.0494254 0.995422 0.0498936 0.98431 0.0499792
0.1 0.95403 0.0977015 0.988907 0.09951 0.968511 0.0998334
0.15 0.931045 0.144828 0.980454 0.148752 0.952492 0.149438
0.2 0.90806 0.190806 0.970064 0.197523 0.936144 0.198669
0.25 0.885076 0.235634 0.957736 0.245726 0.919357 0.247404
0.3 0.862091 0.279314 0.94347 0.293264 0.902022 0.29552
0.35 0.839106 0.321844 0.927267 0.340041 0.884028 0.342898
0.4 0.816121 0.363224 0.909126 0.385959 0.865267 0.389418
0.45 0.793136 0.403456 0.889048 0.430921 0.845628 0.434966
0.5 0.770151 0.442538 0.867032 0.474831 0.825001 0.479426
0.55 0.747166 0.480471 0.843078 0.517592 0.803278 0.522687
0.6 0.724181 0.517254 0.817187 0.559107 0.780348 0.564642
0.65 0.701196 0.552889 0.789358 0.599279 0.756101 0.605186
0.7 0.678212 0.587374 0.759591 0.63801 0.730429 0.644218
0.75 0.655227 0.62071 0.727887 0.675205 0.70322 0.681639
0.8 0.632242 0.652897 0.694245 0.710767 0.674367 0.717356
0.85 0.609257 0.683934 0.658666 0.744598 0.643758 0.75128
0.9 0.586272 0.713822 0.621149 0.776601 0.611284 0.783327
0.95 0.563287 0.742561 0.581695 0.80668 0.576835 0.813416
1 0.540302 0.770151 0.540302 0.834738 0.540302 0.841471
1.05 0.49248 0.795971 0.497668 0.86069 0.501623 0.867423
1.1 0.444657 0.819399 0.454488 0.884496 0.460926 0.891207
1.15 0.396835 0.840436 0.410762 0.906129 0.418386 0.912764
1.2 0.349012 0.859083 0.366489 0.925563 0.374181 0.932039
1.25 0.30119 0.875338 0.32167 0.942769 0.328485 0.948985
1.3 0.253368 0.889202 0.276306 0.957721 0.281475 0.963558
1.35 0.205545 0.900674 0.230395 0.970391 0.233326 0.975723
1.4 0.157723 0.909756 0.183938 0.980751 0.184215 0.98545
1.45 0.1099 0.916447 0.136934 0.988775 0.134318 0.992713
1.5 0.0620777 0.920746 0.0893849 0.994436 0.0838095 0.997495
1.55 0.0142553 0.922654 0.0412894 0.997705 0.0328667 0.999784
1.6 -0.0335672 0.922172 -0.00735226 0.998556 -0.0183347 0.999574
1.65 -0.0813896 0.919298 -0.0565401 0.99696 -0.0696189 0.996865
1.7 -0.129212 0.914033 -0.106274 0.992892 -0.12081 0.991665
1.75 -0.177035 0.906377 -0.156554 0.986324 -0.171732 0.983986
1.8 -0.224857 0.896329 -0.20738 0.977228 -0.222209 0.973848
1.85 -0.272679 0.883891 -0.258753 0.965577 -0.272065 0.961275
1.9 -0.320502 0.869061 -0.310671 0.951343 -0.321123 0.9463
1.95 -0.368324 0.851841 -0.363136 0.934501 -0.36921 0.92896
2 -0.416147 0.832229 -0.416147 0.915021 -0.416147 0.909297
2.05 -0.444839 0.810704 -0.468201 0.892902 -0.461778 0.887362
2.1 -0.473531 0.787745 -0.517796 0.868242 -0.506019 0.863209
2.15 -0.502224 0.763351 -0.564932 0.841163 -0.548804 0.836899
2.2 -0.530916 0.737523 -0.609609 0.811789 -0.590068 0.808496
2.25 -0.559608 0.71026 -0.651827 0.780243 -0.629745 0.778073
2.3 -0.588301 0.681562 -0.691585 0.746648 -0.66777 0.745705
2.35 -0.616993 0.651429 -0.728885 0.711126 -0.704078 0.711473
2.4 -0.645685 0.619863 -0.763725 0.6738 -0.738603 0.675463
2.45 -0.674377 0.586861 -0.796106 0.634794 -0.771279 0.637765
2.5 -0.70307 0.552425 -0.826028 0.594231 -0.802041 0.598472
2.55 -0.731762 0.516554 -0.85349 0.552232 -0.830824 0.557684
2.6 -0.760454 0.479249 -0.878494 0.508923 -0.857562 0.515501
2.65 -0.789147 0.440509 -0.901038 0.464424 -0.882189 0.472031
2.7 -0.817839 0.400334 -0.921124 0.41886 -0.904641 0.42738
2.75 -0.846531 0.358725 -0.93875 0.372353 -0.924852 0.381661
2.8 -0.875223 0.315681 -0.953917 0.325026 -0.942755 0.334988
2.85 -0.903916 0.271202 -0.966624 0.277002 -0.958287 0.287478
2.9 -0.932608 0.225289 -0.976873 0.228404 -0.97138 0.239249
2.95 -0.9613 0.177942 -0.984662 0.179356 -0.981971 0.190423
3 -0.989992 0.129159 -0.989992 0.129979 -0.989992 0.14112
3.05 -0.973175 0.08008 -0.993047 0.0803944 -0.995398 0.0914646
3.1 -0.956358 0.0318417 -0.99401 0.0307092 -0.998212 0.0415807
3.15 -0.93954 -0.0155557 -0.992881 -0.0189718 -0.998475 -0.00840725
3.2 -0.922723 -0.0621123 -0.989661 -0.0685441 -0.996231 -0.0583741
3.25 -0.905905 -0.107828 -0.984348 -0.117903 -0.991522 -0.108195
3.3 -0.889088 -0.152703 -0.976944 -0.166944 -0.984389 -0.157746
3.35 -0.87227 -0.196737 -0.967448 -0.215563 -0.974874 -0.206902
3.4 -0.855453 -0.23993 -0.95586 -0.263654 -0.96302 -0.255541
3.45 -0.838636 -0.282282 -0.94218 -0.311114 -0.948869 -0.303542
3.5 -0.821818 -0.323793 -0.926409 -0.357837 -0.932463 -0.350783
3.55 -0.805001 -0.364464 -0.908545 -0.40372 -0.913844 -0.397148
3.6 -0.788183 -0.404293 -0.88859 -0.448657 -0.893055 -0.44252
3.65 -0.771366 -0.443282 -0.866543 -0.492544 -0.870136 -0.486787
3.7 -0.754548 -0.48143 -0.842404 -0.535276 -0.845131 -0.529836
3.75 -0.737731 -0.518737 -0.816174 -0.576749 -0.818082 -0.571561
3.8 -0.720913 -0.555203 -0.787851 -0.616859 -0.78903 -0.611858
3.85 -0.704096 -0.590828 -0.757437 -0.6555 -0.758019 -0.650625
3.9 -0.687279 -0.625613 -0.724931 -0.692568 -0.725089 -0.687766
3.95 -0.670461 -0.659556 -0.690333 -0.727958 -0.690283 -0.723188
4 -0.653644 -0.692659 -0.653644 -0.761566 -0.653644 -0.756802
4.05 -0.606778 -0.724169 -0.615452 -0.793297 -0.615227 -0.788525
4.1 -0.559913 -0.753337 -0.576347 -0.823096 -0.575147 -0.818277
4.15 -0.513048 -0.780161 -0.536329 -0.850917 -0.533534 -0.845984
4.2 -0.466182 -0.804641 -0.495398 -0.876714 -0.490516 -0.871576
4.25 -0.419317 -0.826779 -0.453554 -0.900441 -0.446221 -0.894989
4.3 -0.372452 -0.846573 -0.410797 -0.922054 -0.40078 -0.916166
4.35 -0.325587 -0.864024 -0.367127 -0.941506 -0.35432 -0.935053
4.4 -0.278721 -0.879132 -0.322544 -0.958751 -0.306971 -0.951602
4.45 -0.231856 -0.891896 -0.277048 -0.973745 -0.258862 -0.965773
4.5 -0.184991 -0.902317 -0.230639 -0.986441 -0.210121 -0.97753
4.55 -0.138125 -0.910395 -0.183318 -0.996794 -0.160877 -0.986844
4.6 -0.0912601 -0.91613 -0.135083 -1.00476 -0.11126 -0.993691
4.65 -0.0443948 -0.919521 -0.0859351 -1.01029 -0.0613978 -0.998054
4.7 0.00247044 -0.920569 -0.0358744 -1.01334 -0.0114199 -0.999923
4.75 0.0493357 -0.919274 0.0150992 -1.01386 0.038545 -0.999293
4.8 0.096201 -0.915636 0.0669859 -1.01181 0.088368 -0.996165
4.85 0.143066 -0.909654 0.119785 -1.00715 0.13792 -0.990547
4.9 0.189932 -0.901329 0.173498 -0.999817 0.187072 -0.982453
4.95 0.236797 -0.890661 0.228124 -0.98978 0.235696 -0.971903
5 0.283662 -0.87765 0.283662 -0.976989 0.283662 -0.958924
5.05 0.317488 -0.862621 0.338549 -0.961425 0.330849 -0.943549
5.1 0.351313 -0.845901 0.391218 -0.943171 0.37716 -0.925815
5.15 0.385138 -0.82749 0.441671 -0.92234 0.422508 -0.905767
5.2 0.418964 -0.807387 0.489907 -0.899041 0.466803 -0.883455
5.25 0.452789 -0.785593 0.535925 -0.873386 0.509958 -0.858934
5.3 0.486615 -0.762108 0.579727 -0.845486 0.551883 -0.832267
5.35 0.52044 -0.736932 0.621312 -0.81545 0.592491 -0.80352
5.4 0.554265 -0.710064 0.66068 -0.783391 0.631692 -0.772764
5.45 0.588091 -0.681505 0.69783 -0.749419 0.669399 -0.740077
5.5 0.621916 -0.651255 0.732764 -0.713645 0.705521 -0.70554
5.55 0.655742 -0.619314 0.765481 -0.67618 0.739972 -0.66924
5.6 0.689567 -0.585681 0.795981 -0.637134 0.772662 -0.631267
5.65 0.723392 -0.550357 0.824264 -0.596619 0.803503 -0.591716
5.7 0.757218 -0.513342 0.85033 -0.554745 0.832406 -0.550686
5.75 0.791043 -0.474635 0.874179 -0.511623 0.859282 -0.508279
5.8 0.824869 -0.434237 0.895811 -0.467364 0.884044 -0.464602
5.85 0.858694 -0.392148 0.915227 -0.422078 0.906602 -0.419764
5.9 0.892519 -0.348368 0.932425 -0.375878 0.926868 -0.373877
5.95 0.926345 -0.302896 0.947406 -0.328873 0.944754 -0.327055
6 0.96017 -0.255733 0.96017 -0.281174 0.96017 -0.279415
6.05 0.949857 -0.207983 0.970728 -0.232893 0.973046 -0.231078
6.1 0.939543 -0.160748 0.979088 -0.184138 0.983382 -0.182163
6.15 0.92923 -0.114028 0.985252 -0.13502 0.991192 -0.132792
6.2 0.918917 -0.0678246 0.989218 -0.0856495 0.996495 -0.0830894
6.25 0.908603 -0.0221366 0.990988 -0.0361352 0.999307 -0.0331792
6.3 0.89829 0.0230357 0.99056 0.0134126 0.999645 0.0168139
6.35 0.887976 0.0676924 0.987936 0.0628842 0.997525 0.066765
6.4 0.877663 0.111833 0.983115 0.11217 0.992964 0.116549
6.45 0.86735 0.155459 0.976097 0.161159 0.985979 0.166042
6.5 0.857036 0.198568 0.966882 0.209743 0.976586 0.21512
6.55 0.846723 0.241162 0.95547 0.257811 0.964802 0.26366
6.6 0.836409 0.283241 0.941862 0.305253 0.950643 0.311541
6.65 0.826096 0.324803 0.926056 0.35196 0.934127 0.358644
6.7 0.815783 0.36585 0.908053 0.397822 0.91527 0.40485
6.75 0.805469 0.406382 0.887854 0.442729 0.894089 0.450044
6.8 0.795156 0.446397 0.865457 0.486571 0.8706 0.494113
6.85 0.784842 0.485897 0.840864 0.529238 0.844821 0.536948
6.9 0.774529 0.524881 0.814074 0.570621 0.816766 0.57844
6.95 0.764216 0.56335 0.785086 0.610609 0.786455 0.618486
7 0.753902 0.601303 0.753902 0.649093 0.753902 0.656987
7.05 0.708932 0.637874 0.720985 0.68597 0.71915 0.693845
7.1 0.663962 0.672196 0.6868 0.72117 0.682338 0.728969
7.15 0.618992 0.70427 0.651345 0.754629 0.643629 0.762271
7.2 0.574022 0.734095 0.614622 0.786283 0.603189 0.793668
7.25 0.529052 0.761672 0.57663 0.81607 0.56118 0.823081
7.3 0.484082 0.787001 0.537369 0.843925 0.517768 0.850437
7.35 0.439111 0.81008 0.49684 0.869786 0.473117 0.875667
7.4 0.394141 0.830912 0.455041 0.893588 0.427389 0.898708
7.45 0.349171 0.849494 0.411974 0.915269 0.380751 0.919503
7.5 0.304201 0.865829 0.367639 0.934764 0.333365 0.938
7.55 0.259231 0.879915 0.322034 0.952012 0.285395 0.954152
7.6 0.214261 0.891752 0.275161 0.966947 0.237007 0.96792
7.65 0.169291 0.901341 0.227019 0.979506 0.188363 0.979268
7.7 0.124321 0.908681 0.177608 0.989627 0.139629 0.988168
7.75 0.0793505 0.913773 0.126929 0.997246 0.0909671 0.994599
7.8 0.0343804 0.916616 0.0749805 1.0023 0.0425428 0.998543
7.85 -0.0105897 0.917211 0.0217635 1.00472 -0.00548011 0.999992
7.9 -0.0555598 0.915557 -0.0327223 1.00445 -0.0529376 0.998941
7.95 -0.10053 0.911655 -0.0884768 1.00143 -0.0996656 0.995394
8 -0.1455 0.905504 -0.1455 0.995586 -0.1455 0.989358
8.05 -0.183782 0.897272 -0.202189 0.986885 -0.190313 0.98085
8.1 -0.222063 0.887126 -0.25694 0.975399 -0.234121 0.96989
8.15 -0.260345 0.875066 -0.309754 0.961224 -0.276977 0.956506
8.2 -0.298626 0.861091 -0.36063 0.944456 -0.318934 0.940731
8.25 -0.336908 0.845203 -0.409568 0.925193 -0.360045 0.922604
8.3 -0.375189 0.827401 -0.456569 0.903531 -0.400363 0.902172
8.35 -0.413471 0.807684 -0.501632 0.879568 -0.43994 0.879484
8.4 -0.451752 0.786054 -0.544758 0.8534 -0.478829 0.854599
8.45 -0.490034 0.762509 -0.585945 0.825125 -0.517084 0.827577
8.5 -0.528315 0.73705 -0.625196 0.794838 -0.554758 0.798487
8.55 -0.566597 0.709677 -0.662509 0.762638 -0.591902 0.767401
8.6 -0.604878 0.680391 -0.697884 0.72862 -0.628571 0.734397
8.65 -0.64316 0.64919 -0.731321 0.692881 -0.664816 0.699557
8.7 -0.681441 0.616075 -0.762821 0.65552 -0.700691 0.662969
8.75 -0.719723 0.581046 -0.792383 0.616632 -0.736249 0.624724
8.8 -0.758004 0.544102 -0.820008 0.576314 -0.771543 0.584917
8.85 -0.796286 0.505245 -0.845695 0.534663 -0.806625 0.543648
8.9 -0.834567 0.464474 -0.869444 0.491777 -0.841548 0.501021
8.95 -0.872849 0.421788 -0.891256 0.447751 -0.876366 0.457141
9 -0.91113 0.377189 -0.91113 0.402683 -0.91113 0.412118
